4294967293,131
4294967293,130
4294967293,129
4294967293,128
4294967293,127
4294967293,126
4294967293,125
4294967293,124
4294967293,123
4294967293,122
4294967293,121
4294967293,120
4294967293,119
4294967293,118
4294967293,117
4294967293,116
4294967293,115
4294967293,114
4294967293,113
4294967293,112
4294967293,111
4294967293,110
4294967293,109
4294967293,108
4294967293,107
4294967293,106
4294967293,105
4294967293,104
4294967293,103
4294967293,102
4294967293,101
4294967293,100
4294967293,99
4294967293,98
4294967293,97
4294967293,96
4294967293,95
4294967293,94
4294967293,93
4294967293,92
4294967293,91
4294967293,90
4294967293,89
4294967293,87
4294967293,86
4294967293,85
4294967293,84
4294967293,83
4294967293,82
4294967293,81
4294967293,80
4294967293,79
4294967293,78
4294967293,77
4294967293,76
4294967293,75
4294967293,74
4294967293,73
4294967293,72
4294967293,71
4294967293,70
4294967293,69
4294967293,68
4294967293,67
4294967293,66
4294967293,65
4294967293,64
4294967293,63
4294967293,62
4294967293,61
4294967293,60
4294967293,59
4294967293,58
4294967293,57
4294967293,56
4294967293,55
4294967293,54
4294967293,53
4294967293,52
4294967293,51
4294967293,50
4294967293,49
4294967293,48
4294967293,47
4294967293,46
4294967293,45
4294967293,44
4294967293,43
4294967293,42
4294967293,41
4294967293,40
4294967293,39
4294967293,38
4294967293,37
4294967293,36
4294967293,35
4294967293,34
4294967293,33
4294967293,32
4294967293,31
4294967293,30
4294967293,29
4294967293,28
4294967293,27
4294967293,26
4294967293,25
4294967293,24
4294967293,23
4294967293,22
4294967293,21
4294967293,20
4294967293,19
4294967293,18
4294967293,17
4294967293,16
4294967293,15
4294967293,14
4294967293,13
4294967293,12
4294967293,11
4294967293,10
4294967293,9
4294967293,8
4294967293,7
4294967293,6
4294967293,5
4294967293,4
4294967293,3
4294967278,129
4294967278,254
4294967278,127
4294967278,518
4294967278,126
4294967278,124
4294967278,248
4294967278,120
4294967278,119
4294967278,342
4294967278,337
4294967278,108
4294967278,513
4294967278,99
4294967278,98
4294967278,341
4294967278,318
4294967278,93
4294967278,334
4294967278,340
4294967278,86
4294967278,333
4294967278,77
4294967278,72
4294967278,71
4294967278,339
4294967278,62
4294967278,548
4294967278,304
4294967278,57
4294967278,547
4294967278,56
4294967278,546
4294967278,55
4294967278,53
4294967278,52
4294967278,51
4294967278,50
4294967278,302
4294967278,49
4294967278,47
4294967278,46
4294967278,45
4294967278,529
4294967278,43
4294967278,300
4294967278,42
4294967278,41
4294967278,40
4294967278,37
4294967278,36
4294967278,35
4294967278,32
4294967278,535
4294967278,31
4294967278,30
4294967278,295
4294967278,27
4294967278,26
4294967278,25
4294967278,21
4294967278,290
4294967278,20
4294967278,16
4294967278,538
4294967278,174
4294967278,260
4294967279,408
4294967279,105
4294967279,94
4294967279,93
4294967279,92
4294967279,91
4294967279,404
4294967279,89
4294967279,87
4294967279,398
4294967279,84
4294967279,81
4294967279,80
4294967279,62
4294967279,402
4294967279,57
4294967279,351
4294967279,56
4294967279,54
4294967279,53
4294967279,52
4294967279,51
4294967279,411
4294967279,297
4294967279,50
4294967279,49
4294967279,334
4294967279,47
4294967279,46
4294967279,410
4294967279,295
4294967279,44
4294967279,43
4294967279,401
4294967279,294
4294967279,42
4294967279,41
4294967279,40
4294967279,39
4294967279,293
4294967279,38
4294967279,37
4294967279,36
4294967279,35
4294967279,34
4294967279,33
4294967279,328
4294967279,32
4294967279,342
4294967279,31
4294967279,30
4294967279,29
4294967279,28
4294967279,290
4294967279,27
4294967279,26
4294967279,25
4294967279,24
4294967279,23
4294967279,22
4294967279,21
4294967279,279
4294967279,20
4294967279,19
4294967279,18
4294967279,326
4294967279,17
4294967279,16
4294967279,15
4294967279,11
4294967279,10
4294967279,6
4294967279,5
4294967279,174
4294967279,2
4294967279,260
4294967278,453
4294967278,0
4294967279,399
4294967279,428
4294967279,346
4294967279,0
4294967279,85
11,2
4294967278,197
4294967278,196
4294967279,83
4294967278,82
4294967279,82
4294967278,194
11,4
0,5
4294967294,7
4294967294,6
4294967294,5
4294967294,22
4294967294,17
4294967294,42
4294967294,76
4294967294,41
4294967294,43
4294967294,969
4294967294,67
4294967294,1564
4294967294,1565
4294967294,1562
4294967294,1612
4294967294,1428
4294967294,1432
4294967294,82
4294967294,981
4294967294,99
4294967294,8
4294967294,9
4294967294,46
4294967294,104
4294967279,407
4294967278,310
4294967279,403
4294967278,299
4294967278,297
4294967278,332
4294967278,137
4294967278,338
4294967278,283
4294967279,286
4294967279,281
4294967294,1672
4294967294,918
4294967294,950
4294967294,1425
4294967294,1674
4294967294,1676
4294967294,92
4294967294,91
4294967294,90
4294967294,88
4294967294,87
4294967294,86
4294967294,85
4294967294,84
4294967294,83
4294967294,106
4294967294,107
4294967294,232
4294967294,231
4294967294,230
4294967294,228
4294967294,227
4294967294,225
4294967294,152
4294967294,223
4294967294,496
4294967294,221
4294967294,220
4294967294,219
4294967294,29
4294967294,217
4294967294,213
4294967294,212
4294967294,211
4294967294,206
4294967294,205
4294967294,203
4294967294,202
4294967294,197
4294967294,194
4294967294,193
4294967294,829
4294967294,825
4294967294,824
4294967294,823
4294967294,822
4294967294,820
4294967294,2
4294967294,816
4294967294,813
4294967294,810
4294967294,1
4294967294,809
4294967294,806
4294967294,805
4294967294,803
4294967294,802
4294967294,800
4294967294,799
4294967294,798
4294967294,796
4294967294,795
4294967294,794
4294967294,793
4294967294,145
4294967294,25
4294967294,782
4294967294,779
4294967294,1150
4294967294,778
4294967294,777
4294967294,27
4294967294,53
4294967294,28
4294967294,775
4294967294,773
4294967294,771
4294967294,26
4294967294,770
4294967294,767
4294967294,766
4294967294,765
4294967294,763
4294967294,762
4294967294,760
4294967294,759
4294967294,758
4294967294,756
4294967294,755
4294967294,754
4294967294,752
4294967294,1151
4294967294,749
4294967294,748
4294967294,743
4294967294,742
4294967294,2202
4294967294,1563
4294967294,739
4294967294,738
4294967294,736
4294967294,735
4294967294,733
4294967294,732
4294967294,730
4294967294,729
4294967294,728
4294967294,726
4294967294,725
4294967294,723
4294967294,722
4294967294,721
4294967294,720
4294967294,150
4294967294,719
4294967294,718
4294967294,1561
4294967294,714
4294967294,711
4294967294,709
4294967294,708
4294967294,2186
4294967294,707
4294967294,706
4294967294,705
4294967294,703
4294967294,701
4294967294,699
4294967294,698
4294967294,697
4294967294,696
4294967294,695
4294967294,691
4294967294,690
4294967294,688
4294967294,685
4294967294,683
4294967294,682
4294967294,681
4294967294,680
4294967294,678
4294967294,1135
4294967294,674
4294967294,673
4294967294,671
4294967294,1453
4294967294,670
4294967294,669
4294967294,666
4294967294,664
4294967294,917
4294967294,662
4294967294,661
4294967294,658
4294967294,657
4294967294,656
4294967294,1560
4294967294,655
4294967294,1675
4294967294,653
4294967294,651
4294967294,650
4294967294,647
4294967294,643
4294967294,642
4294967294,131
4294967294,640
4294967294,638
4294967294,1559
4294967294,637
4294967294,1107
4294967294,635
4294967294,1115
4294967294,633
4294967294,1618
4294967294,632
4294967294,130
4294967294,630
4294967294,627
4294967294,623
4294967294,1134
4294967294,621
4294967294,620
4294967294,1092
1,0
4294967294,617
4294967294,1090
4294967294,615
4294967294,1555
4294967294,608
4294967294,1139
4294967294,605
4294967294,572
4294967294,604
4294967294,1558
4294967294,603
4294967294,602
4294967294,600
4294967294,1557
4294967294,597
4294967294,1556
4294967294,595
4294967294,125
4294967294,591
4294967294,587
4294967294,1554
4294967294,586
4294967294,1431
4294967294,583
4294967294,582
4294967294,579
4294967294,577
4294967294,576
4294967294,567
4294967294,565
4294967294,564
4294967294,563
4294967294,557
4294967294,1141
4294967294,556
4294967294,554
4294967294,151
4294967294,551
4294967294,1553
4294967294,559
4294967294,546
4294967294,139
4294967294,573
4294967294,137
4294967294,542
4294967294,541
4294967294,136
4294967294,129
4294967294,539
4294967294,538
4294967294,1670
4294967294,147
4294967294,134
4294967294,574
4294967294,146
4294967294,569
4294967294,534
4294967294,135
4294967294,750
4294967294,571
4294967294,70
4294967294,141
4294967294,72
4294967294,747
4294967294,132
4294967294,71
4294967294,1412
4294967294,1414
4294967294,1128
4294967294,1140
4294967294,1131
4294967278,527
4294967279,331
4294967278,253
4294967278,246
4294967278,227
4294967279,400
4294967278,312
4294967294,1552
4294967294,1551
4294967294,1550
4294967294,1548
4294967294,1549
4294967294,1546
4294967294,1547
4294967294,396
4294967294,1616
4294967294,1611
4294967294,1544
4294967294,944
4294967294,1665
4294967294,1417
4294967294,1136
4294967294,1467
4294967294,1121
4294967294,1607
4294967294,1617
4294967294,1608
4294967294,436
4294967294,1602
4294967294,1614
4294967294,441
4294967294,532
4294967294,1606
4294967294,1620
4294967294,455
4294967294,424
4294967294,501
4294967294,1437
4294967294,1669
4294967294,1470
4294967294,1456
4294967294,1615
4294967294,444
4294967294,1463
4294967294,422
4294967294,1460
4294967294,388
4294967294,1450
4294967294,1133
4294967294,1138
4294967294,295
4294967294,946
4294967294,257
4294967294,1619
4294967294,1613
4294967294,1610
4294967294,1461
4294967294,1413
4294967294,533
4294967294,1468
4294967294,1459
4294967294,456
4294967294,513
4294967294,1451
4294967294,1445
4294967294,429
4294967294,971
4294967294,970
4294967294,968
4294967294,967
4294967294,370
4294967294,369
4294967294,368
4294967294,367
4294967294,366
4294967294,364
4294967294,365
4294967294,363
4294967294,362
4294967294,361
